72
63
11
69
65
7
22
51
64
48
64
10
62
5
36
82
68
36
20
69
47
95
54
56
100
20
20
81
38
52
67
89
49
58
19
95
13
93
39
73
54
90
84
89
11
0
37
0
3
95
78
94
27
74
77
92
84
67
23
99
67
72
92
75
87
31
4
64
2
78
83
49
58
93
15
29
26
86
19
82
22
76
78
71
54
6
55
62
63
80
67
11
83
42
48
59
4
33
78
30
2
5
69
29
69
41
66
93
89
94
96
47
16
42
65
80
22
94
44
64
1
94
4
23
89
20
71
32
43
16
89
75
76
50
99
52
83
64
9
56
75
62
59
48
54
16
46
45
95
68
16
2
63
27
3
59
74
89
5
66
6
12
27
80
92
27
16
71
69
100
35
10
35
63
21
91
88
51
82
100
43
93
31
75
35
95
90
27
24
15
3
5
77
65
28
82
21
28
45
30
87
12
22
80
96
91
92
18
97
95
57
40
89
54
45
18
7
49
75
73
95
1
14
92
29
10
4
81
89
17
44
8
53
61
85
70
35
68
32
75
20
80
49
40
29
30
25
91
55
11
82
50
67
41
96
45
26
87
81
99
73
87
2
9
33
46
63
19
13
43
21
96
22
14
85
97
79
23
44
62
32
23
8
51
68
59
40
46
42
57
99
29
0
71
29
27
40
9
29
85
83
45
37
85
92
32
89
97
6
61
68
87
43
31
90
96
10
63
86
82
65
19
13
0
51
25
39
53
94
80
38
16
12
20
32
46
60
33
24
86
70
33
62
63
85
85
44
7
28
80
20
12
4
8
34
28
86
24
6
23
56
3
93
41
32
70
79
36
98
94
65
90
48
64
97
82
34
68
11
48
58
4
19
50
31
46
53
86
33
58
13
45
63
26
81
1
87
98
27
71
98
3
7
4
53
12
28
44
48
82
66
8
58
59
65
50
29
82
15
91
89
50
3
95
20
88
37
69
46
19
73
21
23
22
99
74
98
89
82
45
2
57
32
54
9
36
81
79
13
83
17
52
99
79
49
94
75
98
37
78
20
60
64
96
90
14
65
67
20
87
50
97
38
55
78
98
10
23
90
65
58
48
16
63
74
7
6
25
46
66
80
38
69
43
63
11
39
95
22
7
14
2
16
45
22
89
31
58
89
4
88
96
26
77
49
11
46
30
14
61
64
13
76
98
50
96
38
87
13
51
56
79
8
3
69
21
15
12
52
79
54
13
69
25
73
16
81
19
83
56
74
94
39
96
90
84
57
13
43
53
58
83
76
6
46
19
36
0
79
24
22
0
82
98
38
63
49
7
96
85
86
64
45
51
98
81
89
31
63
13
0
59
86
45
51
16
29
11
42
52
64
63
93
23
17
63
9
12
89
41
34
98
12
54
86
41
56
75
100
19
97
80
65
54
78
15
81
3
51
99
59
24
3
38
15
0
43
100
52
75
51
75
60
56
45
48
48
20
91
27
90
95
43
88
64
72
72
91
77
16
65
99
7
75
20
1
96
5
23
92
27
25
52
96
25
77
22
93
10
59
48
55
83
74
88
97
43
59
89
76
52
49
64
21
53
15
70
59
3
41
58
35
40
2
48
11
36
59
76
48
1
88
16
89
28
98
50
89
99
61
86
11
84
37
82
51
53
7
32
26
65
90
7
3
75
45
81
24
23
66
1
42
32
47
69
16
43
61
16
3
42
27
70
46
56
16
62
72
32
84
12
23
11
0
60
37
58
8
72
89
36
18
8
85
44
24
7
33
71
28
51
85
22
46
49
57
4
33
41
84
39
35
43
45
19
86
36
30
94
56
42
66
12
25
23
33
40
48
38
56
51
64
49
63
4
53
42
13
72
27
79
35
36
69
41
68
98
87
76
82
95
44
50
49
43
77
78
99
93
44
50
64
68
13
83
84
50
77
79
88
72
64
29
10
70
68
99
6
98
19
17
43
93
96
85
61
38
13
57
62
36
18
63
48
43
88
22
27
51
23
81
74
63
36
96
58
74
77
13
67
50
19
31
68
39
14
91
89
58
24
58
62
43
20
70
20
13
84
37
84
28
98
88
89
62
55
54
21
78
98
10
54
11
34
23
18
87
88
94
19
82
19
44
8
40
87
21
89
45
27
22
55
22
29
23
18
61
38
30
65
27
77
21
5
10
13
76
37
23
91
74
46
36
7
75
83
12
51
72
69
0
24
97
38
73
38
92
72
64
56
54
9
74
71
52
46
67
49
95
59
59
47
39
47
28
29
65
34
16
36
